18
6
46
5
115
47
173
118
59
165
107
151
182
9
155
106
96
140
174
58
99
120
155
20
195
109
196
2
11
189
146
107
17
93
19
154
180
16
7
138
6
17
115
155
68
165
180
83
58
82
5
52
179
160
76
189
134
163
118
200
93
146
91
40
63
143
108
173
109
91
169
46
74
149
111
113
115
183
62
122
198
118
89
85
183
180
31
17
13
43
118
92
187
48
23
29
146
177
124
42
91
4
6
70
27
110
76
110
40
69
173
1
48
67
70
18
128
151
120
67
98
121
48
192
96
18
50
101
196
62
72
60
2
15
179
23
181
103
189
70
54
130
77
118
132
77
121
135
29
199
106
199
114
82
105
16
168
54
63
187
27
147
139
32
37
184
36
156
148
77
30
76
66
65
26
76
174
89
5
87
191
142
18
34
57
9
156
153
48
70
60
77
121
11
65
89
49
51
117
160
196
51
163
190
55
23
87
167
2
34
182
79
21
17
29
94
3
35
53
175
20
31
51
62
140
74
158
69
89
140
98
137
42
165
161
109
66
17
73
187
132
157
9
66
169
108
60
113
164
163
8
126
151
198
49
155
54
77
31
117
41
142
78
115
136
8
11
48
94
193
148
108
192
125
96
53
175
3
62
14
89
182
66
57
85
5
34
30
109
191
78
8
38
79
142
176
75
87
38
185
104
92
4
63
146
6
49
4
84
18
174
160
4
150
86
45
196
9
105
13
164
60
42
184
52
65
86
165
143
22
20
92
92
134
100
150
134
93
16
194
35
93
47
38
2
90
120
45
101
126
12
58
54
9
52
50
62
25
41
119
153
18
67
191
165
3
185
103
136
181
175
197
113
200
102
137
39
139
157
183
31
72
13
3
185
18
114
113
161
28
77
193
187
31
158
68
191
71
167
69
189
154
132
182
114
39
167
126
56
71
192
180
139
106
177
99
200
194
23
114
184
108
108
159
66
48
90
135
39
53
74
164
15
121
2
172
41
77
21
34
7
10
149
187
64
34
155
167
79
109
151
41
128
166
163
149
11
105
113
54
57
107
14
129
139
62
86
153
3
136
38
167
90
167
192
54
192
179
81
145
49
135
159
154
181
22
126
175
8
6
9
27
128
164
22
14
134
116
10
34
83
18
132
27
51
194
6
154
55
104
125
87
60
21
34
88
97
7
176
34
159
36
102
178
81
107
111
17
106
39
196
74
189
192
196
121
112
80
122
34
154
143
148
11
75
11
68
111
107
191
159
152
146
79
10
48
7
85
53
44
92
156
144
6
103
199
10
77
123
164
144
147
148
2
114
75
154
100
129
13
189
145
37
55
55
121
59
17
199
63
68
133
161
22
88
74
98
129
161
148
114
26
189
137
122
54
66
10
109
140
102
148
179
168
199
122
56
73
108
105
196
155
47
191
179
25
34
113
4
75
118
8
103
55
19
87
128
151
194
4
32
127
174
64
26
130
96
181
43
8
186
187
179
166
75
151
160
18
9
200
185
33
149
111
184
6
184
35
49
105
76
53
7
99
197
31
142
105
102
140
131
92
200
92
151
140
196
31
50
124
82
195
141
62
138
132
176
60
112
94
137
160
117
130
142
41
48
51
66
27
139
76
99
161
65
24
157
185
14
29
47
28
71
165
186
168
113
51
50
180
13
143
173
24
41
158
177
23
105
81
195
90
164
151
81
90
92
154
120
1
109
67
129
133
150
163
23
98
5
200
172
51
173
160
153
197
43
28
180
40
175
28
140
19
13
171
48
179
130
191
101
23
68
55
150
171
155
33
54
63
84
95
121
4
163
5
48
194
104
26
59
185
147
97
161
34
170
155
124
160
57
74
47
81
40
164
33
163
72
42
147
37
7
60
69
83
36
116
135
37
52
155
195
117
83
187
104
187
134
75
40
38
4
192
179
169
61
126
157
136
59
195
179
198
173
12
195
85
51
111
97
120
187
20
174
120
138
120
130
138
110
183
10
25
64
125
157
85
31
98
184
143
167
192
138
31
105
178
9
141
28
170
19
161
153
7
73
151
28
66
118
2
158
27
53
140
47
5
192
71
193
66
5
35
144
28
195
61
102
10
42
192
163
3
168
170
129
66
88
189
109
173
197
105
50
92
181
195
87
67
136
36
97
12
160
97
75
36
146
122
49
64
26
129
109
60
93
136
16
151
128
159
74
71
118
177
53
28
190
123
124
60
163
120
57
139
60
172
59
92
76
11
134
144
125
140
189
65
5
23
90
12
187
168
198
25
90
80
12
121
20
71
72
131
186
143
54
10
87
56
52
7
21
76
177
126
191
30
175
112
69
187
51
172
158
13
198
98
160
72
99
174
107
179
9
149
51
101
43
176
92
178
91
162
24
64
5
199
52
26
23
10
89
184
87
195
6
145
4
36
122
190
182
55
95
4
18
142
138
182
182
174
167
109
75
96
130
5
63
125
104
77
2
14
84
90
185
14
13
168
142
196
132
183
89
48
132
101
103
49
18
198
81
185
132
149
184
110
134
86
99
182
39
26
131
190
130
157
166
87
80
79
159
94
3
5
111
110
182
3
117
123
32
25
121
78
135
191
6
168
153
86
77
149
125
85
22
111
88
36
98
4
124
105
140
157
163
21
189
43
177
129
103
32
111
162
81
88
164
14
58
106
6
187
9
14
78
171
176
13
82
85
200
32
115
122
48
54
15
154
143
21
17
124
65
4
44
103
63
138
167
63
38
47
82
47
18
38
86
103
68
195
179
42
174
79
139
31
151
92
107
66
81
79
74
7
184
122
106
58
37
2
12
93
105
172
96
47
69
103
170
14
110
166
63
193
6
5
142
156
149
132
148
112
103
101
112
6
118
30
150
16
168
108
71
61
124
100
141
63
142
135
196
163
146
17
115
188
173
78
42
51
7
170
190
136
140
187
160
158
105
30
116
46
196
74
108
34
181
165
84
195
105
121
177
74
69
26
187
160
7
94
74
139
151
130
100
93
37
101
36
82
93
68
30
118
141
42
151
120
87
104
154
127
129
40
85
8
18
170
170
105
55
42
153
45
124
199
59
4
54
112
97
78
68
140
107
101
38
158
52
156
126
52
19
199
132
131
181
88
149
48
173
187
171
125
85
167
103
198
86
106
83
103
36
95
180
84
101
151
165
68
40
89
151
43
50
7
180
195
171
127
155
118
31
82
173
83
177
53
22
98
154
1
175
125
127
177
40
22
136
31
172
39
5
12
85
162
99
67
133
109
44
176
174
193
189
34
106
64
41
193
4
32
66
182
183
192
199
175
181
6
145
147
199
179
184
120
156
156
195
94
5
142
197
87
77
148
10
142
117
8
72
186
157
4
139
149
63
140
161
141
142
170
196
166
140
92
174
145
144
150
46
70
142
40
64
169
137
53
91
76
20
175
4
113
134
73
80
146
131
187
167
135
199
156
172
99
149
31
193
124
62
20
127
149
6
41
3
65
104
37
132
62
41
170
32
140
130
12
190
41
63
10
71
162
44
168
14
144
39
70
126
84
89
65
67
72
134
156
200
44
53
51
143
58
193
43
80
71
21
121
49
174
110
134
155
130
42
116
173
87
182
55
10
182
53
50
21
59
29
69
101
45
4
65
19
178
136
8
176
28
131
20
12
108
173
18
1
121
83
145
30
181
46
93
159
133
111
187
42
67
30
169
100
33
25
92
82
75
9
156
116
106
193
8
27
89
56
153
35
62
38
190
156
166
122
36
82
69
162
80
133
114
132
138
123
67
169
111
200
129
66
123
152
114
26
81
139
111
155
138
119
82
132
5
124
135
64
104
184
123
82
124
163
133
76
126
156
79
71
127
154
160
157
106
8
130
66
189
96
140
137
174
152
27
75
155
25
122
42
198
156
42
187
171
199
191
106
32
61
66
47
104
76
84
127
99
112
70
78
78
181
146
159
114
177
117
134
164
112
147
28
144
65
39
98
27
54
110
18
172
153
127
158
197
17
177
27
196
76
121
184
40
30
182
177
187
168
147
81
187
36
184
132
100
21
197
154
126
107
101
15
102
51
34
95
75
94
123
159
200
80
47
7
1
160
148
27
195
176
161
57
61
154
132
76
77
34
97
127
104
187
63
102
178
57
48
110
62
150
190
53
114
200
157
68
35
159
120
17
168
148
27
40
37
5
58
74
111
78
21
166
175
169
106
99
124
182
141
120
41
94
77
178
169
152
46
93
98
166
78
86
29
90
118
53
16
74
144
128
86
12
40
65
165
58
40
178
81
126
99
23
65
113
86
178
118
68
86
85
196
26
114
15
6
197
78
105
34
45
160
18
22
71
75
63
102
162
86
134
20
149
65
169
138
60
83
57
150
49
114
96
179
174
160
120
128
177
198
130
55
89
192
126
84
181
44
177
111
100
112
69
33
135
192
138
199
106
161
162
174
89
197
74
155
159
59
29
45
106
186
171
146
91
26
102
42
17
183
69
172
76
27
113
188
151
134
4
173
88
108
138
8
185
100
200
81
128
73
1
91
68
31
40
112
6
123
143
22
