20
135
24
146
11
96
80
156
95
153
163
222
123
206
126
222
63
63
201
118
120
121
100
108
200
19
168
196
158
131
24
44
141
160
205
95
1
8
15
126
140
11
182
198
92
65
13
209
48
177
171
41
8
142
103
76
127
100
132
107
186
179
8
195
217
26
220
210
3
30
119
167
26
153
48
72
221
104
27
171
55
198
159
15
153
121
120
8
40
160
14
183
185
23
195
33
41
83
71
50
180
59
60
131
43
108
191
26
133
2
81
68
199
100
78
178
51
193
206
132
137
216
126
119
160
73
14
7
222
120
50
222
135
184
172
71
81
16
78
213
201
68
157
55
216
103
29
20
54
87
156
73
13
123
219
142
79
101
79
125
68
104
81
137
168
84
89
129
17
197
117
130
173
39
110
163
218
22
178
78
221
161
160
114
31
207
166
23
221
119
195
54
71
72
164
171
15
185
71
145
204
134
82
156
202
166
158
179
218
47
127
107
189
61
103
198
161
46
129
104
178
134
48
153
11
186
32
90
210
186
45
140
164
92
47
97
183
22
25
106
21
157
6
150
183
185
16
149
34
135
143
67
1
195
58
186
212
177
223
175
33
166
100
71
57
90
109
53
98
56
142
59
66
175
120
108
168
198
162
107
181
24
174
218
140
212
92
212
17
186
34
100
186
27
59
121
28
153
139
16
100
169
72
168
41
98
54
65
4
164
159
163
208
9
13
182
124
76
70
101
134
198
17
168
196
195
24
148
192
114
123
118
145
73
53
130
108
109
124
13
96
153
88
211
191
71
22
167
217
106
91
58
119
97
14
149
185
210
30
214
185
92
200
125
155
90
164
18
143
193
189
105
42
112
187
4
101
26
21
23
115
214
144
83
81
206
77
67
55
18
213
84
150
140
36
181
163
187
109
57
17
65
220
105
109
136
190
218
17
169
140
208
157
92
1
103
144
8
16
154
126
55
178
15
18
121
40
24
127
111
90
93
20
70
153
124
141
108
31
120
24
210
159
49
63
115
146
59
72
19
76
176
196
223
161
146
146
218
16
155
132
14
214
158
81
52
154
104
204
37
200
183
7
171
8
91
158
33
184
83
163
54
16
142
190
25
104
104
22
13
213
13
170
124
149
155
145
188
152
161
106
145
9
169
165
13
126
143
22
57
204
200
3
93
73
179
196
139
1
219
221
181
19
221
204
171
143
218
130
40
30
129
70
178
195
161
35
121
177
175
65
152
206
125
29
218
28
11
10
13
177
153
85
192
84
147
132
182
69
54
20
189
68
147
200
32
201
182
158
42
170
200
192
95
74
125
60
28
150
50
162
53
109
21
204
100
167
12
141
15
126
82
222
124
60
20
205
51
99
87
34
3
88
158
64
61
4
114
212
8
211
187
93
30
13
63
193
94
85
87
196
178
41
10
60
166
223
212
123
181
132
37
39
27
102
151
134
50
140
221
91
56
77
206
209
67
78
121
151
32
83
76
33
145
54
85
175
179
216
12
222
33
205
47
189
117
197
135
17
7
79
56
54
81
30
128
147
110
223
16
196
185
153
69
165
181
26
105
113
84
202
127
95
125
89
215
194
171
181
156
4
215
72
133
182
62
114
160
150
145
59
169
3
181
19
217
40
218
141
127
198
185
125
110
47
160
166
213
169
90
74
71
115
1
151
169
215
90
190
25
2
60
58
219
5
159
170
69
146
152
58
49
77
91
111
8
21
127
82
93
37
166
211
125
69
94
219
134
93
221
46
140
41
127
135
119
223
21
129
17
31
168
197
177
135
63
2
57
154
130
53
54
162
203
116
133
47
85
179
62
110
152
195
33
9
89
116
25
217
115
214
31
5
131
61
177
156
107
16
20
68
223
101
114
126
148
21
72
205
48
94
135
124
191
63
166
30
160
152
183
152
99
193
32
159
63
104
67
57
154
187
182
151
137
143
206
59
22
175
78
142
70
90
116
61
173
103
133
120
33
145
167
138
164
73
78
113
105
208
174
61
207
150
43
223
84
19
135
11
20
51
32
116
179
165
186
20
162
53
29
176
15
33
177
166
86
182
120
17
185
147
145
129
117
194
12
87
25
42
102
86
116
199
11
171
123
194
56
116
61
35
82
124
72
144
159
1
88
223
149
53
131
112
222
216
124
61
72
143
119
139
192
71
204
14
27
147
59
160
3
132
187
107
217
27
118
115
16
190
67
159
26
151
135
104
37
210
20
115
157
77
192
89
210
165
169
136
147
190
182
149
153
167
95
220
128
216
107
216
128
55
222
142
35
15
183
36
118
26
56
210
74
97
70
25
128
190
148
100
144
96
108
22
109
173
59
88
62
165
124
91
118
120
13
210
14
151
94
80
13
38
173
184
187
220
17
100
38
33
91
86
171
61
159
34
81
157
85
101
217
187
75
60
73
181
190
153
71
87
79
134
138
25
81
93
5
219
163
11
96
213
27
119
119
64
136
69
28
179
68
180
155
55
143
145
138
185
201
175
35
3
109
206
21
110
68
189
154
180
148
142
14
127
98
141
76
163
215
19
174
117
133
98
211
155
83
97
78
29
159
126
114
46
50
40
124
200
146
178
130
55
204
82
113
6
75
215
132
29
126
103
188
222
15
191
116
91
142
186
136
206
105
4
206
141
149
89
7
111
35
117
186
47
102
1
88
73
189
43
106
43
5
31
2
3
165
1
54
40
69
146
59
138
185
140
180
162
72
185
42
67
109
9
132
200
3
199
180
193
118
177
14
167
179
175
57
221
133
162
165
50
93
167
117
9
90
181
143
152
43
223
112
102
124
192
45
173
165
29
221
176
56
74
20
187
105
172
33
13
216
131
141
15
33
30
149
109
86
127
149
11
145
199
13
184
199
191
137
118
98
36
124
152
77
89
71
152
212
90
184
20
179
44
65
207
10
30
153
59
218
133
169
133
16
46
42
2
47
111
135
125
153
210
35
96
195
100
173
189
110
105
9
31
117
208
100
29
164
201
59
142
174
47
7
153
28
174
175
54
121
199
97
71
216
17
212
35
5
152
34
201
193
117
200
151
171
31
86
180
154
70
100
62
29
54
15
118
121
99
104
151
218
142
94
2
38
51
43
161
192
192
162
126
115
180
24
2
171
142
223
203
142
75
189
147
74
143
172
86
106
32
79
10
139
221
11
1
48
9
34
58
199
49
55
105
126
213
125
209
213
198
217
185
220
167
87
196
179
151
107
150
68
120
77
66
100
187
203
208
210
175
125
208
211
174
218
108
185
209
188
190
109
186
69
82
109
46
153
94
173
56
10
209
200
50
69
201
121
111
107
42
129
175
188
217
170
162
29
216
3
126
209
189
50
93
75
187
160
92
199
214
37
183
198
87
33
19
81
85
166
64
43
66
36
32
130
59
12
55
111
159
131
102
157
80
166
195
174
93
217
95
48
207
51
13
90
165
43
46
45
74
9
208
119
30
88
164
7
200
42
201
213
71
60
112
160
170
77
3
64
85
207
135
111
176
52
207
43
86
107
71
60
51
207
64
154
94
200
94
104
100
69
212
144
156
143
37
7
17
212
90
176
174
138
181
161
118
107
128
212
68
18
100
138
184
133
81
101
181
22
42
44
50
143
50
30
120
2
215
66
31
45
136
12
36
195
18
181
62
81
59
215
117
50
134
138
11
10
154
221
221
193
196
151
23
169
206
127
206
58
141
161
48
76
46
114
170
198
37
167
38
36
198
69
164
161
117
80
189
85
91
210
105
167
87
216
12
217
113
215
77
117
28
119
183
29
179
50
29
187
13
15
104
16
47
145
49
119
12
178
70
170
176
215
219
27
98
54
12
154
114
205
96
175
40
159
62
199
122
44
84
160
57
8
58
177
151
77
69
44
150
152
166
85
99
212
206
180
198
11
162
200
89
109
18
200
35
24
133
77
103
63
39
212
150
63
4
195
170
9
20
103
89
66
25
148
101
78
105
32
8
184
219
141
195
101
47
3
163
115
13
16
178
92
98
103
34
48
40
45
32
110
162
59
28
177
201
117
48
114
63
110
106
222
176
137
171
173
128
63
216
130
32
208
183
103
205
20
158
145
13
55
56
145
118
208
156
114
70
37
157
158
174
167
209
75
102
180
179
2
113
34
124
117
134
211
218
214
182
30
86
208
206
76
163
160
14
145
187
178
96
41
200
61
136
66
56
7
10
133
212
39
79
80
191
91
202
48
9
200
53
114
54
60
63
166
154
12
143
42
117
178
143
121
150
158
130
201
166
180
83
7
64
83
93
110
204
28
204
161
40
77
191
6
135
193
75
203
191
12
38
116
115
90
26
101
85
18
194
13
48
110
210
11
64
54
64
64
132
78
171
73
108
175
182
29
167
211
143
179
162
97
12
222
212
103
13
123
81
187
165
197
105
126
159
194
40
7
2
111
103
85
144
119
75
130
193
70
5
123
8
112
73
199
197
7
123
46
78
214
137
74
76
65
168
100
154
62
50
166
105
219
185
167
147
84
206
182
171
150
200
37
43
212
40
150
24
179
208
20
